,Id,stdChange,maxChange,minChange,numOfDrasticPositiveChanges,numOfDrasticNegativeChanges,TotalSleepRecords,TotalMinutesAsleep,TotalTimeInBed
Id,1.0,0.027646033213822533,-0.010416082440379847,-0.16280286781201922,-0.03406462148686481,-0.11255561776601394,-0.017824196718544332,0.04929373639292489,0.0006027688597860502
stdChange,0.027646033213822533,1.0,0.45038444845677333,-0.415019649683321,-0.5269328546947926,-0.44768063870556024,0.018268615372127678,-0.10240833307826433,-0.12737476985089446
maxChange,-0.010416082440379847,0.45038444845677333,1.0,-0.43317741770148455,-0.2685180277482893,-0.26639490378470676,-0.08216967389752307,-0.022763716026419332,-0.027074920716330456
minChange,-0.16280286781201922,-0.415019649683321,-0.43317741770148455,1.0,0.2084081047052548,0.17561041063487048,0.14816174964363094,0.11224212030468056,0.13101536122880997
numOfDrasticPositiveChanges,-0.03406462148686481,-0.5269328546947926,-0.2685180277482893,0.2084081047052548,1.0,0.8174201595475961,0.03349288119255628,0.01908973493505403,0.030914293109469235
numOfDrasticNegativeChanges,-0.11255561776601394,-0.44768063870556024,-0.26639490378470676,0.17561041063487048,0.8174201595475961,1.0,-0.03214296563776855,0.04358968584728667,0.06250004362168328
TotalSleepRecords,-0.017824196718544332,0.018268615372127678,-0.08216967389752307,0.14816174964363094,0.03349288119255628,-0.03214296563776855,1.0,0.33658340121511915,0.3350801067349834
TotalMinutesAsleep,0.04929373639292489,-0.10240833307826433,-0.022763716026419332,0.11224212030468056,0.01908973493505403,0.04358968584728667,0.33658340121511915,1.0,0.9919956585029102
TotalTimeInBed,0.0006027688597860502,-0.12737476985089446,-0.027074920716330456,0.13101536122880997,0.030914293109469235,0.06250004362168328,0.3350801067349834,0.9919956585029102,1.0
