,Calories,TotalSleepRecords,TotalMinutesAsleep,TotalTimeInBed,StepTotal,Value_x,Value_y,Value
Calories,1.0,-0.08704844037347388,-0.12534173350852515,-0.13473900411923137,0.49354598079393747,0.599829905899255,-0.013498406708697992,-0.10903912960767252
TotalSleepRecords,-0.08704844037347388,1.0,0.33658340121511915,0.3350801067349834,-0.16827861696031235,-0.23342396130080947,-0.12111604038992138,-0.06424644825795273
TotalMinutesAsleep,-0.12534173350852515,0.33658340121511915,1.0,0.9919956585029102,-0.08181550362607369,-0.2055127051145101,-0.25383445650556263,-0.1950569395726825
TotalTimeInBed,-0.13473900411923137,0.3350801067349834,0.9919956585029102,1.0,-0.08294706821231215,-0.22593897108060312,-0.2691285569280311,-0.20552791603998824
StepTotal,0.49354598079393747,-0.16827861696031235,-0.08181550362607369,-0.08294706821231215,1.0,0.5697031168933074,0.15101804157171012,-0.00022162123550972687
Value_x,0.599829905899255,-0.23342396130080947,-0.2055127051145101,-0.22593897108060312,0.5697031168933074,1.0,0.3049336429866344,0.04972807016991074
Value_y,-0.013498406708697992,-0.12111604038992138,-0.25383445650556263,-0.2691285569280311,0.15101804157171012,0.3049336429866344,1.0,0.9474814527652708
Value,-0.10903912960767252,-0.06424644825795273,-0.1950569395726825,-0.20552791603998824,-0.00022162123550972687,0.04972807016991074,0.9474814527652708,1.0
